t0 = 0;
t1 = 2;
h = 0.01;
x1 = 1.2;
x2 = 0;
v1 = 0;
v2 = -0.8;